4294967278,404
4294967279,152
4294967278,138
4294967278,335
4294967278,276
4294967279,269
4294967279,266
4294967279,282
4294967279,265
4294967278,281
4294967278,334
4294967279,256
4294967279,567
4294967278,21
4294967279,174
4294967279,22
4294967279,20
4294967279,254
4294967278,258
4294967279,292
4294967278,257
4294967294,199
4294967294,198
4294967294,197
4294967294,196
4294967294,194
4294967294,193
4294967294,1046
4294967294,1045
4294967294,1044
4294967294,1043
4294967294,1039
4294967294,1038
4294967294,1035
4294967294,1033
4294967294,1030
4294967294,1029
4294967294,1027
4294967294,421
4294967294,401
4294967294,190
4294967294,185
4294967294,182
4294967294,176
4294967294,173
4294967294,170
4294967294,163
4294967294,162
4294967294,161
4294967279,520
4294967278,330
4294967278,329
4294967279,516
4294967279,515
4294967278,254
4294967279,513
4294967278,326
4294967278,253
130,6
130,5
130,4
130,3
130,2
130,1
4294967278,246
4294967294,393
4294967278,325
129,5
4294967278,230
129,4
129,2
129,1
4294967278,228
4294967278,224
4294967294,473
4294967294,1042
4294967294,192
4294967294,1028
4294967294,1040
4294967294,195
4294967278,220
4294967279,220
4294967279,316
4294967278,322
4294967278,321
4294967279,312
4294967279,340
4294967278,201
4294967294,180
4294967294,111
4294967294,418
4294967294,468
127,5
127,4
127,3
127,2
127,1
4294967278,188
4294967294,392
4294967294,389
4294967294,390
4294967294,115
4294967294,114
4294967294,120
4294967278,163
125,6
125,5
125,4
125,3
125,2
125,1
4294967279,153
4294967294,89
4294967294,387
4294967294,46
4294967279,339
4294967294,469
4294967279,558
4294967278,403
4294967278,402
4294967279,338
4294967278,275
4294967279,337
4294967279,336
4294967279,222
4294967278,213
4294967278,211
4294967278,209
4294967278,320
4294967279,310
4294967294,472
4294967279,309
4294967279,307
4294967278,315
4294967278,314
4294967279,575
4294967278,382
4294967279,574
4294967278,313
4294967279,193
4294967278,309
4294967278,187
4294967278,380
4294967278,167
4294967278,260
4294967279,0
4294967294,1031
4294967294,1032
4294967294,186
4294967294,2
4294967279,289
4294967294,0
4294967294,437
4294967279,141
122,6
122,5
4294967279,140
122,4
122,3
122,2
122,1
4294967294,5
4294967294,424
4294967279,136
4294967279,135
4294967278,135
4294967294,36
4294967294,29
4294967294,28
4294967279,134
4294967278,133
4294967278,274
4294967279,283
0,7
4294967294,107
4294967294,94
4294967294,96
4294967294,42
4294967278,270
4294967294,9
4294967294,8
4294967294,45
4294967294,427
4294967294,44
4294967294,53
4294967294,1078
4294967294,1049
4294967294,1077
4294967294,419
4294967294,91
4294967294,90
4294967294,87
4294967294,86
4294967294,85
4294967294,84
4294967278,401
4294967279,518
4294967279,514
4294967279,512
4294967278,400
4294967279,238
4294967278,399
4294967279,335
4294967278,311
4294967278,370
4294967279,303
4294967278,398
4294967278,0
4294967279,186
4294967278,308
4294967279,302
4294967279,571
4294967279,298
4294967294,43
4294967294,417
4294967278,302
4294967279,295
4294967278,379
4294967279,570
4294967278,132
4294967278,131
4294967278,130
4294967278,129
4294967278,128
4294967278,127
4294967278,126
4294967278,125
4294967278,124
4294967278,123
4294967278,122
4294967278,121
4294967278,120
4294967278,119
4294967278,118
4294967278,117
4294967278,116
4294967278,115
4294967278,114
4294967278,113
4294967278,112
4294967278,111
4294967278,110
4294967278,109
4294967278,108
4294967278,107
4294967278,106
4294967278,105
4294967278,104
4294967278,103
4294967278,102
4294967278,101
4294967278,100
4294967278,99
4294967278,98
4294967278,97
4294967278,96
4294967278,95
4294967278,94
4294967278,93
4294967278,92
4294967278,91
4294967278,90
4294967278,89
4294967278,87
4294967278,86
4294967278,85
4294967278,84
4294967278,83
4294967278,82
4294967278,81
4294967278,80
4294967278,79
4294967278,78
4294967278,77
4294967278,76
4294967278,75
4294967278,74
4294967278,73
4294967278,71
4294967278,70
4294967278,69
4294967278,68
4294967278,66
4294967278,65
4294967278,63
4294967278,61
4294967278,57
4294967278,55
4294967278,53
4294967278,52
4294967278,51
4294967278,50
4294967278,47
4294967278,45
4294967278,44
4294967278,43
4294967278,42
4294967278,41
4294967278,40
4294967278,39
4294967278,38
4294967279,21
4294967279,18
4294967279,17
4294967279,10
4294967279,9
4294967279,8
4294967279,7
4294967279,4
4294967278,169
4294967279,169
4294967279,168
4294967278,166
4294967279,163
4294967279,162
4294967278,300
4294967278,158
119,6
119,5
4294967278,157
119,4
4294967279,157
119,3
119,2
119,1
4294967278,397
4294967279,291
4294967279,151
4294967279,146
4294967279,143
4294967279,287
4294967278,292
4294967278,291
4294967279,556
4294967279,137
4294967279,286
4294967278,290
4294967278,289
4294967279,334
4294967294,6
4294967278,284
4294967278,271
4294967278,72
4294967294,1070
4294967294,1069
4294967294,1067
4294967294,1066
4294967294,1061
4294967294,1050
4294967294,436
4294967294,158
4294967294,157
4294967294,156
4294967294,155
4294967294,60
4294967278,282
4294967278,377
4294967279,553
4294967294,12
4294967278,364
4294967279,274
4294967294,1026
4294967279,284
4294967278,396
4294967279,550
4294967278,360
116,6
116,5
116,4
116,3
116,2
116,1
4294967278,241
4294967279,240
4294967278,239
4294967278,217
4294967279,216
4294967278,215
4294967278,372
4294967279,564
4294967278,67
4294967278,64
4294967278,62
4294967278,60
4294967278,59
4294967278,58
4294967278,56
4294967278,54
4294967278,49
4294967278,48
4294967278,46
4294967279,212
4294967278,210
4294967279,204
4294967279,203
113,6
4294967279,198
113,5
113,4
113,3
113,2
113,1
4294967294,1415
4294967294,403
4294967294,398
4294967294,183
4294967294,384
4294967294,457
4294967294,461
4294967294,119
4294967279,333
4294967278,373
4294967279,191
112,5
112,4
112,2
112,1
4294967278,305
4294967279,178
4294967278,303
4294967278,301
4294967279,332
4294967278,164
4294967279,164
4294967279,290
4294967278,294
4294967279,147
4294967278,367
4294967279,145
4294967278,339
4294967279,525
4294967279,139
4294967278,366
4294967279,555
4294967278,365
4294967279,285
4294967278,336
4294967278,134
4294967279,268
4294967278,287
4294967279,568
4294967278,269
4294967279,554
4294967278,378
4294967279,331
4294967279,330
4294967278,264
4294967278,285
4294967278,376
4294967278,278
4294967278,375
4294967279,566
4294967279,249
4294967279,248
4294967278,174
4294967278,374
4294967278,231
4294967278,229
4294967278,223
4294967278,219
4294967278,225
4294967279,565
4294967279,234
4294967279,230
4294967279,224
4294967279,218
4294967279,276
4294967279,13
4294967279,280
4294967279,6
4294967279,5
4294967279,246
4294967294,11
4294967294,68
4294967279,318
4294967278,233
4294967279,232
4294967279,226
4294967279,213
0,5
4294967279,208
110,5
110,4
110,3
110,2
110,1
4294967279,200
4294967279,199
